10,10,10,10,10,10,10,10,10,10
0,0,80,100,40,30,70,30,100,100,30,90.0,100,70,60,0,0,30,90,20,90,80.0,100,40,100,30,40,30,30,30
30
50
30,80,90.0,70,90.0
70,0,90,20,60
96,60,0,10,80
30
30,30,30,30,30,100,30
70,60,50,100,40,70,90
90,60,10,50,70,70,20,70,80,10,90,30,90,40,0,86,20,10,0,20,20,30,100,70,85.0,60,70,0,70,70,60,80,100,70,80,80,60,40,100,30,0,30,40,100,10,60,50,100,30,30,0,60,20,20,80,10,50,10,30,30,0,40,0,40,40,30,0,95.0,70,30,85.0,60.0,70,60,0,100,80,60,10,10,100.0,90,100,20,10,30,100,90,60,90,0,60,60,10,70,50,50,20,100,30,50,70,40,10,90,60,90,60,50,50,70,50,60,50,20,60,60,80,0,50,90,40,50.0,30,30,10,70,50,70,80,70,0,100
